EXPERIENCE,BP
/=-z+f]j PYTHON 8,Some item,2022-2024,Fixing the attributes fo the item
/=-z+f]j PROGRAMMING 9,<b>Cheesemaking</b> | The Cheese Factory," ""2022 - 2024"""," ""Cheese is one of the most beloved and versatile foods in the world"
/=-z+f]j PROGRAMMING 5,<b>SOME RANDOM THING1</b>,forever,"ranging from soft and creamy to hard and crumbly. The aging process plays a significant role in determining its taste and texture, with younger cheeses like mozzarella offering a mild, fresh flavor, while aged varieties such as cheddar or Parmesan develop sharper, more complex notes."
/=-z+f]j PROGRAMMING 1,<b>SOME RANDOM THING2</b>,forever,"ranging from soft and creamy to hard and crumbly. The aging process plays a significant role in determining its taste and texture, with younger cheeses like mozzarella offering a mild, fresh flavor, while aged varieties such as cheddar or Parmesan develop sharper, more complex notes."
/=-z+f]j PROGRAMMING 1,<b>SOME RANDOM THING3</b>,forever,"ranging from soft and creamy to hard and crumbly. The aging process plays a significant role in determining its taste and texture, with younger cheeses like mozzarella offering a mild, fresh flavor, while aged varieties such as cheddar or Parmesan develop sharper, more complex notes."
/=-z+f]j PROGRAMMING 1,<b>SOME RANDOM THING4</b>,forever,"ranging from soft and creamy to hard and crumbly. The aging process plays a significant role in determining its taste and texture, with younger cheeses like mozzarella offering a mild, fresh flavor, while aged varieties such as cheddar or Parmesan develop sharper, more complex notes."
/=-z+f]j PROGRAMMING 2,<b>SOME RANDOM THING5</b>,forever,"ranging from soft and creamy to hard and crumbly. The aging process plays a significant role in determining its taste and texture, with younger cheeses like mozzarella offering a mild, fresh flavor, while aged varieties such as cheddar or Parmesan develop sharper, more complex notes."
/=-z+f]j PROGRAMMING 2,<b>SOME RANDOM THING6</b>,forever,"ranging from soft and creamy to hard and crumbly. The aging process plays a significant role in determining its taste and texture, with younger cheeses like mozzarella offering a mild, fresh flavor, while aged varieties such as cheddar or Parmesan develop sharper, more complex notes."
/=-z+f]j PROGRAMMING 3,<b>SOME RANDOM THING7</b>,forever,"ranging from soft and creamy to hard and crumbly. The aging process plays a significant role in determining its taste and texture, with younger cheeses like mozzarella offering a mild, fresh flavor, while aged varieties such as cheddar or Parmesan develop sharper, more complex notes."
/=-z+f]j PROGRAMMING 3,<b>SOME RANDOM THING8</b>,forever,"ranging from soft and creamy to hard and crumbly. The aging process plays a significant role in determining its taste and texture, with younger cheeses like mozzarella offering a mild, fresh flavor, while aged varieties such as cheddar or Parmesan develop sharper, more complex notes."
/=-z+f]j PROGRAMMING 4,<b>SOME RANDOM THING9</b>,forever,"ranging from soft and creamy to hard and crumbly. The aging process plays a significant role in determining its taste and texture, with younger cheeses like mozzarella offering a mild, fresh flavor, while aged varieties such as cheddar or Parmesan develop sharper, more complex notes."
/=-z+f]j PROGRAMMING 4,<b>SOME RANDOM THING10</b>,forever,"ranging from soft and creamy to hard and crumbly. The aging process plays a significant role in determining its taste and texture, with younger cheeses like mozzarella offering a mild, fresh flavor, while aged varieties such as cheddar or Parmesan develop sharper, more complex notes."
/=-z+f]j PROGRAMMING 5,<b>SOME RANDOM THING11</b>,forever,"ranging from soft and creamy to hard and crumbly. The aging process plays a significant role in determining its taste and texture, with younger cheeses like mozzarella offering a mild, fresh flavor, while aged varieties such as cheddar or Parmesan develop sharper, more complex notes."
